# Created by Metasequoia

mtllib portal.mtl

v 0.000000 2.000000 0.000000
v -0.497527 0.988081 0.000000
v -0.326165 0.000000 0.000000
v -0.476965 1.240205 0.000000
v -0.354173 1.653188 0.000000
v -0.314456 1.716241 0.000000
v -0.273219 1.784931 0.000000
v -0.211897 1.862078 0.000000
v -0.071450 1.976809 0.000000
v -0.493340 0.871828 0.000000
v -0.444193 0.461719 0.000000
v -0.476595 0.673499 0.000000
v -0.401455 0.272887 0.000000
v -0.146619 1.921422 0.000000
v -0.425645 1.456674 0.000000
v -0.392241 1.548519 0.000000
v -0.450667 1.356831 0.000000
v -0.496834 1.110779 0.000000
v -0.497512 1.051864 0.000000
v -0.066011 1.976809 -0.006600
v 0.000000 0.988081 0.120085
v 0.000000 0.000000 0.078724
v 0.000000 1.240205 0.115122
v 0.000000 1.653188 0.085485
v 0.000000 1.716241 0.075898
v 0.000000 1.784931 0.065945
v 0.000000 1.862078 0.051144
v 0.000000 1.976809 0.017245
v 0.000000 0.871828 0.119075
v 0.000000 0.461719 0.107212
v 0.000000 0.673499 0.115033
v 0.000000 0.272887 0.096897
v 0.000000 1.921422 0.035388
v 0.000000 1.456674 0.102735
v 0.000000 1.548519 0.094673
v 0.000000 1.356831 0.108775
v 0.000000 1.110779 0.119918
v 0.000000 1.051864 0.120082
v -0.459655 0.988081 0.045955
v -0.301337 0.000000 0.030127
v -0.440658 1.240205 0.044055
v -0.327213 1.653188 0.032714
v -0.290519 1.716241 0.029045
v -0.252421 1.784931 0.025236
v -0.195767 1.862078 0.019572
v -0.066011 1.976809 0.006600
v -0.455787 0.871828 0.045568
v -0.410381 0.461719 0.041028
v -0.440317 0.673499 0.044021
v -0.370896 0.272887 0.037081
v -0.135458 1.921422 0.013543
v -0.393244 1.456674 0.039315
v -0.362384 1.548519 0.036230
v -0.416362 1.356831 0.041626
v -0.459015 1.110779 0.045891
v -0.459642 1.051864 0.045953
v -0.351805 0.988081 0.084913
v -0.230633 0.000000 0.055667
v -0.337265 1.240205 0.081404
v -0.250438 1.653188 0.060447
v -0.222354 1.716241 0.053668
v -0.193195 1.784931 0.046630
v -0.149834 1.862078 0.036164
v -0.050523 1.976809 0.012194
v -0.348844 0.871828 0.084198
v -0.314092 0.461719 0.075810
v -0.337004 0.673499 0.081341
v -0.283871 0.272887 0.068516
v -0.103675 1.921422 0.025023
v -0.300976 1.456674 0.072645
v -0.277356 1.548519 0.066944
v -0.318670 1.356831 0.076915
v -0.351315 1.110779 0.084795
v -0.351794 1.051864 0.084910
v -0.190395 0.988081 0.110944
v -0.124818 0.000000 0.072732
v -0.182527 1.240205 0.106359
v -0.135536 1.653188 0.078977
v -0.120337 1.716241 0.070121
v -0.104556 1.784931 0.060925
v -0.081089 1.862078 0.047251
v -0.027343 1.976809 0.015933
v -0.188793 0.871828 0.110010
v -0.169985 0.461719 0.099051
v -0.182385 0.673499 0.106277
v -0.153630 0.272887 0.089521
v -0.056109 1.921422 0.032695
v -0.162887 1.456674 0.094915
v -0.150104 1.548519 0.087466
v -0.172463 1.356831 0.100495
v -0.190130 1.110779 0.110790
v -0.190390 1.051864 0.110941
v 0.497527 0.988081 -0.000000
v 0.326165 0.000000 -0.000000
v 0.476965 1.240205 -0.000000
v 0.354173 1.653188 -0.000000
v 0.314456 1.716241 -0.000000
v 0.273219 1.784931 -0.000000
v 0.211897 1.862078 -0.000000
v 0.071450 1.976809 -0.000000
v 0.493340 0.871828 -0.000000
v 0.444193 0.461719 -0.000000
v 0.476595 0.673499 -0.000000
v 0.401455 0.272887 -0.000000
v 0.146619 1.921422 -0.000000
v 0.425645 1.456674 -0.000000
v 0.392241 1.548519 -0.000000
v 0.450667 1.356831 -0.000000
v 0.496834 1.110779 -0.000000
v 0.497512 1.051864 -0.000000
v 0.190396 0.988081 0.110944
v 0.124818 0.000000 0.072732
v 0.182527 1.240205 0.106359
v 0.135536 1.653188 0.078977
v 0.120337 1.716241 0.070121
v 0.104556 1.784931 0.060925
v 0.081089 1.862078 0.047251
v 0.027343 1.976809 0.015933
v 0.188793 0.871828 0.110011
v 0.169985 0.461719 0.099051
v 0.182385 0.673499 0.106277
v 0.153630 0.272887 0.089521
v 0.056109 1.921422 0.032695
v 0.162887 1.456674 0.094915
v 0.150104 1.548519 0.087466
v 0.172463 1.356831 0.100495
v 0.190130 1.110779 0.110790
v 0.190390 1.051864 0.110941
v 0.351805 0.988081 0.084913
v 0.230634 0.000000 0.055667
v 0.337265 1.240205 0.081404
v 0.250438 1.653188 0.060447
v 0.222354 1.716241 0.053668
v 0.193195 1.784931 0.046630
v 0.149834 1.862078 0.036164
v 0.050523 1.976809 0.012194
v 0.348844 0.871828 0.084198
v 0.314092 0.461719 0.075810
v 0.337004 0.673499 0.081341
v 0.283871 0.272887 0.068516
v 0.103675 1.921422 0.025023
v 0.300976 1.456674 0.072645
v 0.277356 1.548519 0.066944
v 0.318670 1.356831 0.076915
v 0.351315 1.110779 0.084795
v 0.351794 1.051864 0.084910
v 0.459655 0.988081 0.045955
v 0.301337 0.000000 0.030127
v 0.440658 1.240205 0.044055
v 0.327213 1.653188 0.032714
v 0.290519 1.716241 0.029045
v 0.252421 1.784931 0.025236
v 0.195767 1.862078 0.019572
v 0.066011 1.976809 0.006600
v 0.455787 0.871828 0.045568
v 0.410381 0.461719 0.041028
v 0.440317 0.673499 0.044021
v 0.370896 0.272887 0.037081
v 0.135458 1.921422 0.013543
v 0.393244 1.456674 0.039315
v 0.362384 1.548519 0.036230
v 0.416362 1.356831 0.041626
v 0.459015 1.110779 0.045891
v 0.459642 1.051864 0.045953
v 0.000000 0.000000 0.000000
v 0.000000 0.988081 -0.120085
v 0.000000 0.000000 -0.078724
v 0.000000 1.240205 -0.115122
v 0.000000 1.653188 -0.085485
v 0.000000 1.716241 -0.075898
v 0.000000 1.784931 -0.065945
v 0.000000 1.862078 -0.051144
v 0.000000 1.976809 -0.017245
v 0.000000 0.871828 -0.119075
v 0.000000 0.461719 -0.107212
v 0.000000 0.673499 -0.115033
v 0.000000 0.272887 -0.096897
v 0.000000 1.921422 -0.035388
v 0.000000 1.456674 -0.102735
v 0.000000 1.548519 -0.094673
v 0.000000 1.356831 -0.108775
v 0.000000 1.110779 -0.119918
v 0.000000 1.051864 -0.120082
v -0.459655 0.988081 -0.045955
v -0.301337 0.000000 -0.030127
v -0.440658 1.240205 -0.044055
v -0.327213 1.653188 -0.032714
v -0.290519 1.716241 -0.029045
v -0.252421 1.784931 -0.025236
v -0.195767 1.862078 -0.019572
v -0.455787 0.871828 -0.045568
v -0.410381 0.461719 -0.041028
v -0.440317 0.673499 -0.044021
v -0.370896 0.272887 -0.037081
v -0.135458 1.921422 -0.013543
v -0.393244 1.456674 -0.039315
v -0.362384 1.548519 -0.036230
v -0.416362 1.356831 -0.041626
v -0.459015 1.110779 -0.045891
v -0.459642 1.051864 -0.045953
v -0.351805 0.988081 -0.084913
v -0.230633 0.000000 -0.055667
v -0.337265 1.240205 -0.081404
v -0.250438 1.653188 -0.060447
v -0.222354 1.716241 -0.053668
v -0.193195 1.784931 -0.046630
v -0.149834 1.862078 -0.036164
v -0.050523 1.976809 -0.012194
v -0.348844 0.871828 -0.084198
v -0.314092 0.461719 -0.075810
v -0.337004 0.673499 -0.081341
v -0.283871 0.272887 -0.068516
v -0.103675 1.921422 -0.025023
v -0.300976 1.456674 -0.072645
v -0.277356 1.548519 -0.066944
v -0.318670 1.356831 -0.076915
v -0.351315 1.110779 -0.084795
v -0.351794 1.051864 -0.084910
v -0.190395 0.988081 -0.110944
v -0.124818 0.000000 -0.072732
v -0.182527 1.240205 -0.106359
v -0.135536 1.653188 -0.078977
v -0.120337 1.716241 -0.070121
v -0.104556 1.784931 -0.060925
v -0.081089 1.862078 -0.047251
v -0.027343 1.976809 -0.015933
v -0.188793 0.871828 -0.110010
v -0.169985 0.461719 -0.099051
v -0.182385 0.673499 -0.106277
v -0.153630 0.272887 -0.089521
v -0.056109 1.921422 -0.032695
v -0.162887 1.456674 -0.094915
v -0.150104 1.548519 -0.087466
v -0.172463 1.356831 -0.100495
v -0.190130 1.110779 -0.110790
v -0.190390 1.051864 -0.110941
v 0.190396 0.988081 -0.110944
v 0.124818 0.000000 -0.072732
v 0.182527 1.240205 -0.106359
v 0.135536 1.653188 -0.078977
v 0.120337 1.716241 -0.070121
v 0.104556 1.784931 -0.060925
v 0.081089 1.862078 -0.047251
v 0.027343 1.976809 -0.015933
v 0.188793 0.871828 -0.110011
v 0.169985 0.461719 -0.099051
v 0.182385 0.673499 -0.106277
v 0.153630 0.272887 -0.089521
v 0.056109 1.921422 -0.032695
v 0.162887 1.456674 -0.094915
v 0.150104 1.548519 -0.087466
v 0.172463 1.356831 -0.100495
v 0.190130 1.110779 -0.110790
v 0.190390 1.051864 -0.110941
v 0.351805 0.988081 -0.084913
v 0.230634 0.000000 -0.055667
v 0.337265 1.240205 -0.081404
v 0.250438 1.653188 -0.060447
v 0.222354 1.716241 -0.053668
v 0.193195 1.784931 -0.046630
v 0.149834 1.862078 -0.036164
v 0.050523 1.976809 -0.012194
v 0.348844 0.871828 -0.084198
v 0.314092 0.461719 -0.075810
v 0.337004 0.673499 -0.081341
v 0.283871 0.272887 -0.068516
v 0.103675 1.921422 -0.025023
v 0.300976 1.456674 -0.072645
v 0.277356 1.548519 -0.066944
v 0.318670 1.356831 -0.076915
v 0.351315 1.110779 -0.084795
v 0.351794 1.051864 -0.084910
v 0.459655 0.988081 -0.045955
v 0.301337 0.000000 -0.030127
v 0.440658 1.240205 -0.044055
v 0.327213 1.653188 -0.032714
v 0.290519 1.716241 -0.029045
v 0.252421 1.784931 -0.025236
v 0.195767 1.862078 -0.019572
v 0.066011 1.976809 -0.006600
v 0.455787 0.871828 -0.045568
v 0.410381 0.461719 -0.041028
v 0.440317 0.673499 -0.044021
v 0.370896 0.272887 -0.037081
v 0.135458 1.921422 -0.013543
v 0.393244 1.456674 -0.039315
v 0.362384 1.548519 -0.036230
v 0.416362 1.356831 -0.041626
v 0.459015 1.110779 -0.045891
v 0.459642 1.051864 -0.045953
# 290 vertices

vt 0.46225 0
vt 0.46821 0
vt 0.49724 0
vt 0.36333 0.14807
vt 0.37670 0.19853
vt 0.22200 0.19853
vt 0.19648 0.14807
vt 0.03726 0.14807
vt 0.05624 0.19853
vt 0.06925 0.25339
vt 0.23749 0.25339
vt 0.25112 0.31747
vt 0.08186 0.31747
vt 0.25996 0.38858
vt 0.09069 0.38858
vt 0.26024 0.42095
vt 0.09098 0.42095
vt 0.09099 0.45599
vt 0.26025 0.45599
vt 0.25849 0.51987
vt 0.08918 0.51987
vt 0.25095 0.62884
vt 0.08169 0.62884
vt 0.23374 0.74520
vt 0.06598 0.74520
vt 0.38411 0.25339
vt 0.39028 0.31747
vt 0.39413 0.38858
vt 0.39425 0.42095
vt 0.39426 0.45599
vt 0.39350 0.51987
vt 0.39020 0.62884
vt 0.38236 0.74520
vt 0.48996 0.62884
vt 0.48996 0.74520
vt 0.48996 0.51987
vt 0.48996 0.45599
vt 0.48996 0.42095
vt 0.48996 0.38858
vt 0.48996 0.31747
vt 0.48996 0.25339
vt 0.48996 0.19853
vt 0.48996 0.14807
vt 0.33976 0.09056
vt 0.48996 0.09056
vt 0.29584 0.05591
vt 0.48996 0.05591
vt 0.20217 0.02173
vt 0.50354 0.01995
vt 0.31511 0
vt 0.49724 0
vt 0.43368 0
vt 0.49724 0
vt 0.33269 0
vt 0.41044 0
vt 0.46568 0
vt 0.47851 0
vt 0.49724 0
vt 0.46069 0
vt 0.41363 0
vt 0.36722 0
vt 0.04630 0.02173
vt 0 0.02173
vt 0.10786 0.05591
vt 0 0.05591
vt 0.15880 0.09056
vt 0.01341 0.09056
vt 0.42728 0
vt 0.39955 0
vt 0 0.01962
vt 0 0.05591
vt 0 0.09056
vt 0 0.14807
vt 0 0.19853
vt 0 0.25339
vt 0 0.31747
vt 0 0.38858
vt 0 0.42095
vt 0 0.45599
vt 0 0.51987
vt 0 0.62884
vt 0 0.74520
vt 0.04268 0.84895
vt 0 0.84895
vt 0.20415 0.84895
vt 0.36752 0.84895
vt 0.48996 0.84895
vt 0.48996 0.99889
vt 0.31192 0.99889
vt 0.12414 0.99889
vt 0 0.99889
vt 0 0.99889
vt 0.94266 0.14807
vt 0.92369 0.19853
vt 0.75793 0.19853
vt 0.78345 0.14807
vt 0.61660 0.14807
vt 0.60322 0.19853
vt 0.59582 0.25339
vt 0.74244 0.25339
vt 0.72880 0.31747
vt 0.58965 0.31747
vt 0.71997 0.38858
vt 0.58580 0.38858
vt 0.71968 0.42095
vt 0.58567 0.42095
vt 0.58567 0.45599
vt 0.71968 0.45599
vt 0.72144 0.51987
vt 0.58643 0.51987
vt 0.72898 0.62884
vt 0.58973 0.62884
vt 0.74619 0.74520
vt 0.59757 0.74520
vt 0.91067 0.25339
vt 0.89807 0.31747
vt 0.88924 0.38858
vt 0.88895 0.42095
vt 0.88894 0.45599
vt 0.89075 0.51987
vt 0.89824 0.62884
vt 0.91394 0.74520
vt 1 0.62884
vt 1 0.74520
vt 1 0.51987
vt 1 0.45599
vt 1 0.42095
vt 1 0.38858
vt 1 0.31747
vt 1 0.25339
vt 1 0.19853
vt 1 0.14807
vt 0.96652 0.09056
vt 1 0.09056
vt 0.99373 0.05591
vt 1 0.05591
vt 1 0.02173
vt 1 0.01962
vt 0.62727 0
vt 0.59494 0
vt 1 0.02318
vt 0.58085 0
vt 0.56720 0
vt 0.66180 0
vt 0.58405 0
vt 0.52881 0
vt 0.53380 0
vt 0.53224 0
vt 0.51598 0
vt 0.56080 0
vt 0.67937 0
vt 0.93363 0.02173
vt 0.77769 0.02173
vt 0.87207 0.05591
vt 0.68409 0.05591
vt 0.82113 0.09056
vt 0.64016 0.09056
vt 0.61240 0.84895
vt 0.77578 0.84895
vt 0.93724 0.84895
vt 1 0.84895
vt 1 0.99889
vt 0.98549 0.99889
vt 0.85579 0.99889
vt 0.66801 0.99889
vt 0.60055 1.00000
vt 0.50000 1.00000
vt 0 0.99889
vt 1 0.99714
# 169 texture vertices

usemtl mat1
f 1/3 20/2 9/1
f 71/7 70/6 88/5 89/4
f 52/9 70/6 71/7 53/8
f 72/11 70/6 52/9 54/10
f 41/13 59/12 72/11 54/10
f 55/15 73/14 59/12 41/13
f 55/15 56/17 74/16 73/14
f 57/19 74/16 56/17 39/18
f 39/18 47/21 65/20 57/19
f 49/23 67/22 65/20 47/21
f 48/25 66/24 67/22 49/23
f 70/6 72/11 90/26 88/5
f 59/12 77/27 90/26 72/11
f 73/14 91/28 77/27 59/12
f 74/16 92/29 91/28 73/14
f 57/19 75/30 92/29 74/16
f 65/20 83/31 75/30 57/19
f 67/22 85/32 83/31 65/20
f 85/32 67/22 66/24 84/33
f 84/33 30/35 31/34 85/32
f 31/34 29/36 83/31 85/32
f 29/36 21/37 75/30 83/31
f 75/30 21/37 38/38 92/29
f 92/29 38/38 37/39 91/28
f 37/39 23/40 77/27 91/28
f 23/40 36/41 90/26 77/27
f 90/26 36/41 34/42 88/5
f 34/42 35/43 89/4 88/5
f 35/43 24/45 78/44 89/4
f 24/45 25/47 79/46 78/44
f 25/47 26/49 80/48 79/46
f 26/49 27/51 81/50 80/48
f 27/51 33/53 87/52 81/50
f 87/52 69/55 63/54 81/50
f 87/52 82/57 64/56 69/55
f 64/56 82/57 1/3
f 1/3 82/57 28/58
f 28/58 82/57 87/52 33/53
f 46/59 64/56 1/3
f 9/1 46/59 1/3
f 51/60 69/55 64/56 46/59
f 69/55 51/60 45/61 63/54
f 45/61 44/63 62/62 63/54
f 44/63 43/65 61/64 62/62
f 43/65 42/67 60/66 61/64
f 42/67 53/8 71/7 60/66
f 62/62 80/48 81/50 63/54
f 61/64 79/46 80/48 62/62
f 60/66 78/44 79/46 61/64
f 60/66 71/7 89/4 78/44
f 9/1 14/68 51/60 46/59
f 14/68 8/69 45/61 51/60
f 8/69 7/70 44/63 45/61
f 7/70 6/71 43/65 44/63
f 6/71 5/72 42/67 43/65
f 16/73 53/8 42/67 5/72
f 15/74 52/9 53/8 16/73
f 17/75 54/10 52/9 15/74
f 41/13 54/10 17/75 4/76
f 4/76 18/77 55/15 41/13
f 19/78 56/17 55/15 18/77
f 2/79 39/18 56/17 19/78
f 2/79 10/80 47/21 39/18
f 12/81 49/23 47/21 10/80
f 12/81 11/82 48/25 49/23
f 11/82 13/84 50/83 48/25
f 50/83 68/85 66/24 48/25
f 84/33 66/24 68/85 86/86
f 86/86 32/87 30/35 84/33
f 86/86 76/89 22/88 32/87
f 86/86 68/85 58/90 76/89
f 68/85 50/83 40/91 58/90
f 40/91 50/83 13/84 3/92
f 143/96 142/95 160/94 161/93
f 124/98 142/95 143/96 125/97
f 144/100 142/95 124/98 126/99
f 113/102 131/101 144/100 126/99
f 127/104 145/103 131/101 113/102
f 127/104 128/106 146/105 145/103
f 129/108 146/105 128/106 111/107
f 111/107 119/110 137/109 129/108
f 121/112 139/111 137/109 119/110
f 120/114 138/113 139/111 121/112
f 142/95 144/100 162/115 160/94
f 131/101 149/116 162/115 144/100
f 145/103 163/117 149/116 131/101
f 146/105 164/118 163/117 145/103
f 129/108 147/119 164/118 146/105
f 137/109 155/120 147/119 129/108
f 139/111 157/121 155/120 137/109
f 157/121 139/111 138/113 156/122
f 156/122 102/124 103/123 157/121
f 103/123 101/125 155/120 157/121
f 101/125 93/126 147/119 155/120
f 147/119 93/126 110/127 164/118
f 164/118 110/127 109/128 163/117
f 109/128 95/129 149/116 163/117
f 95/129 108/130 162/115 149/116
f 162/115 108/130 106/131 160/94
f 106/131 107/132 161/93 160/94
f 107/132 96/134 150/133 161/93
f 96/134 97/136 151/135 150/133
f 97/136 98/138 152/137 151/135
f 98/141 99/140 153/139 152/137
f 99/140 105/143 159/142 153/139
f 159/142 141/145 135/144 153/139
f 159/142 154/147 136/146 141/145
f 136/146 154/147 1/3
f 1/3 154/147 100/148
f 100/148 154/147 159/142 105/143
f 118/149 136/146 1/3
f 28/58 118/149 1/3
f 123/150 141/145 136/146 118/149
f 141/145 123/150 117/151 135/144
f 117/151 116/153 134/152 135/144
f 116/153 115/155 133/154 134/152
f 115/155 114/157 132/156 133/154
f 114/157 125/97 143/96 132/156
f 134/152 152/137 153/139 135/144
f 133/154 151/135 152/137 134/152
f 132/156 150/133 151/135 133/154
f 132/156 143/96 161/93 150/133
f 28/58 33/53 123/150 118/149
f 33/53 27/51 117/151 123/150
f 27/51 26/49 116/153 117/151
f 26/49 25/47 115/155 116/153
f 25/47 24/45 114/157 115/155
f 35/43 125/97 114/157 24/45
f 34/42 124/98 125/97 35/43
f 36/41 126/99 124/98 34/42
f 113/102 126/99 36/41 23/40
f 23/40 37/39 127/104 113/102
f 38/38 128/106 127/104 37/39
f 21/37 111/107 128/106 38/38
f 21/37 29/36 119/110 111/107
f 31/34 121/112 119/110 29/36
f 31/34 30/35 120/114 121/112
f 30/35 32/87 122/158 120/114
f 122/158 140/159 138/113 120/114
f 156/122 138/113 140/159 158/160
f 158/160 104/161 102/124 156/122
f 158/160 148/163 94/162 104/161
f 158/160 140/159 130/164 148/163
f 140/159 122/158 112/165 130/164
f 112/165 122/158 32/87 22/88
f 165/167 3/166 165/167 165/167
f 165/168 22/88 76/89 58/90
f 58/90 40/91 3/92 165/168
f 165/169 94/162 148/163 130/164
f 130/164 112/165 22/88 165/169
f 9/1 20/2 1/3
f 89/4 88/5 70/6 71/7
f 53/8 71/7 70/6 52/9
f 54/10 52/9 70/6 72/11
f 54/10 72/11 59/12 41/13
f 41/13 59/12 73/14 55/15
f 73/14 74/16 56/17 55/15
f 39/18 56/17 74/16 57/19
f 57/19 65/20 47/21 39/18
f 47/21 65/20 67/22 49/23
f 49/23 67/22 66/24 48/25
f 88/5 90/26 72/11 70/6
f 72/11 90/26 77/27 59/12
f 59/12 77/27 91/28 73/14
f 73/14 91/28 92/29 74/16
f 74/16 92/29 75/30 57/19
f 57/19 75/30 83/31 65/20
f 65/20 83/31 85/32 67/22
f 84/33 66/24 67/22 85/32
f 85/32 31/34 30/35 84/33
f 85/32 83/31 29/36 31/34
f 83/31 75/30 21/37 29/36
f 92/29 38/38 21/37 75/30
f 91/28 37/39 38/38 92/29
f 91/28 77/27 23/40 37/39
f 77/27 90/26 36/41 23/40
f 88/5 34/42 36/41 90/26
f 88/5 89/4 35/43 34/42
f 89/4 78/44 24/45 35/43
f 78/44 79/46 25/47 24/45
f 79/46 80/48 26/49 25/47
f 80/48 81/50 27/51 26/49
f 81/50 87/52 33/53 27/51
f 81/50 63/54 69/55 87/52
f 69/55 64/56 82/57 87/52
f 1/3 82/57 64/56
f 28/58 82/57 1/3
f 33/53 87/52 82/57 28/58
f 1/3 64/56 46/59
f 1/3 46/59 9/1
f 46/59 64/56 69/55 51/60
f 63/54 45/61 51/60 69/55
f 63/54 62/62 44/63 45/61
f 62/62 61/64 43/65 44/63
f 61/64 60/66 42/67 43/65
f 60/66 71/7 53/8 42/67
f 63/54 81/50 80/48 62/62
f 62/62 80/48 79/46 61/64
f 61/64 79/46 78/44 60/66
f 78/44 89/4 71/7 60/66
f 46/59 51/60 14/68 9/1
f 51/60 45/61 8/69 14/68
f 45/61 44/63 7/70 8/69
f 44/63 43/65 6/71 7/70
f 43/65 42/67 5/72 6/71
f 5/72 42/67 53/8 16/73
f 16/73 53/8 52/9 15/74
f 15/74 52/9 54/10 17/75
f 4/76 17/75 54/10 41/13
f 41/13 55/15 18/77 4/76
f 18/77 55/15 56/17 19/78
f 19/78 56/17 39/18 2/79
f 39/18 47/21 10/80 2/79
f 10/80 47/21 49/23 12/81
f 49/23 48/25 11/82 12/81
f 48/25 50/83 13/84 11/82
f 48/25 66/24 68/85 50/83
f 86/86 68/85 66/24 84/33
f 84/33 30/35 32/87 86/86
f 32/87 22/88 76/89 86/86
f 76/89 58/90 68/85 86/86
f 58/90 40/91 50/83 68/85
f 3/92 13/84 50/83 40/91
f 161/93 160/94 142/95 143/96
f 125/97 143/96 142/95 124/98
f 126/99 124/98 142/95 144/100
f 126/99 144/100 131/101 113/102
f 113/102 131/101 145/103 127/104
f 145/103 146/105 128/106 127/104
f 111/107 128/106 146/105 129/108
f 129/108 137/109 119/110 111/107
f 119/110 137/109 139/111 121/112
f 121/112 139/111 138/113 120/114
f 160/94 162/115 144/100 142/95
f 144/100 162/115 149/116 131/101
f 131/101 149/116 163/117 145/103
f 145/103 163/117 164/118 146/105
f 146/105 164/118 147/119 129/108
f 129/108 147/119 155/120 137/109
f 137/109 155/120 157/121 139/111
f 156/122 138/113 139/111 157/121
f 157/121 103/123 102/124 156/122
f 157/121 155/120 101/125 103/123
f 155/120 147/119 93/126 101/125
f 164/118 110/127 93/126 147/119
f 163/117 109/128 110/127 164/118
f 163/117 149/116 95/129 109/128
f 149/116 162/115 108/130 95/129
f 160/94 106/131 108/130 162/115
f 160/94 161/93 107/132 106/131
f 161/93 150/133 96/134 107/132
f 150/133 151/135 97/136 96/134
f 151/135 152/137 98/138 97/136
f 152/137 153/139 99/140 98/141
f 153/139 159/142 105/143 99/140
f 153/139 135/144 141/145 159/142
f 141/145 136/146 154/147 159/142
f 1/3 154/147 136/146
f 100/148 154/147 1/3
f 105/143 159/142 154/147 100/148
f 1/3 136/146 118/149
f 1/3 118/149 28/58
f 118/149 136/146 141/145 123/150
f 135/144 117/151 123/150 141/145
f 135/144 134/152 116/153 117/151
f 134/152 133/154 115/155 116/153
f 133/154 132/156 114/157 115/155
f 132/156 143/96 125/97 114/157
f 135/144 153/139 152/137 134/152
f 134/152 152/137 151/135 133/154
f 133/154 151/135 150/133 132/156
f 150/133 161/93 143/96 132/156
f 118/149 123/150 33/53 28/58
f 123/150 117/151 27/51 33/53
f 117/151 116/153 26/49 27/51
f 116/153 115/155 25/47 26/49
f 115/155 114/157 24/45 25/47
f 24/45 114/157 125/97 35/43
f 35/43 125/97 124/98 34/42
f 34/42 124/98 126/99 36/41
f 23/40 36/41 126/99 113/102
f 113/102 127/104 37/39 23/40
f 37/39 127/104 128/106 38/38
f 38/38 128/106 111/107 21/37
f 111/107 119/110 29/36 21/37
f 29/36 119/110 121/112 31/34
f 121/112 120/114 30/35 31/34
f 120/114 122/158 32/87 30/35
f 120/114 138/113 140/159 122/158
f 158/160 140/159 138/113 156/122
f 156/122 102/124 104/161 158/160
f 104/161 94/162 148/163 158/160
f 148/163 130/164 140/159 158/160
f 130/164 112/165 122/158 140/159
f 22/88 32/87 122/158 112/165
f 58/90 76/89 22/88 165/168
f 165/168 3/92 40/91 58/90
f 130/164 148/163 94/162 165/169
f 165/169 22/88 112/165 130/164
f 46/2 1/3 9/1
f 232/5 214/6 215/7 233/4
f 215/7 214/6 196/9 197/8
f 196/9 214/6 216/11 198/10
f 216/11 203/12 186/13 198/10
f 203/12 217/14 199/15 186/13
f 218/16 200/17 199/15 217/14
f 200/17 218/16 201/19 184/18
f 209/20 191/21 184/18 201/19
f 209/20 211/22 193/23 191/21
f 211/22 210/24 192/25 193/23
f 234/26 216/11 214/6 232/5
f 234/26 221/27 203/12 216/11
f 221/27 235/28 217/14 203/12
f 235/28 236/29 218/16 217/14
f 236/29 219/30 201/19 218/16
f 219/30 227/31 209/20 201/19
f 227/31 229/32 211/22 209/20
f 210/24 211/22 229/32 228/33
f 176/34 175/35 228/33 229/32
f 227/31 174/36 176/34 229/32
f 219/30 166/37 174/36 227/31
f 183/38 166/37 219/30 236/29
f 182/39 183/38 236/29 235/28
f 221/27 168/40 182/39 235/28
f 234/26 181/41 168/40 221/27
f 179/42 181/41 234/26 232/5
f 233/4 180/43 179/42 232/5
f 222/44 169/45 180/43 233/4
f 223/46 170/47 169/45 222/44
f 224/48 171/49 170/47 223/46
f 225/50 172/51 171/49 224/48
f 231/52 178/53 172/51 225/50
f 207/54 213/55 231/52 225/50
f 208/56 226/57 231/52 213/55
f 226/57 208/56 1/3
f 226/57 1/3 173/58
f 231/52 226/57 173/58 178/53
f 208/56 20/59 1/3
f 20/59 9/1 1/3
f 208/56 213/55 195/60 20/59
f 190/61 195/60 213/55 207/54
f 206/62 189/63 190/61 207/54
f 205/64 188/65 189/63 206/62
f 204/66 187/67 188/65 205/64
f 215/7 197/8 187/67 204/66
f 225/50 224/48 206/62 207/54
f 224/48 223/46 205/64 206/62
f 223/46 222/44 204/66 205/64
f 233/4 215/7 204/66 222/44
f 195/60 14/68 9/1 20/59
f 190/61 8/69 14/68 195/60
f 189/63 7/70 8/69 190/61
f 188/65 6/71 7/70 189/63
f 187/67 5/72 6/71 188/65
f 187/67 197/8 16/73 5/72
f 197/8 196/9 15/74 16/73
f 196/9 198/10 17/75 15/74
f 17/75 198/10 186/13 4/76
f 199/15 18/77 4/76 186/13
f 199/15 200/17 19/78 18/77
f 200/17 184/18 2/79 19/78
f 191/21 10/80 2/79 184/18
f 191/21 193/23 12/81 10/80
f 192/25 11/82 12/81 193/23
f 194/83 13/84 11/82 192/25
f 210/24 212/85 194/83 192/25
f 212/85 210/24 228/33 230/86
f 175/35 177/87 230/86 228/33
f 167/88 220/89 230/86 177/87
f 202/90 212/85 230/86 220/89
f 185/91 194/83 212/85 202/90
f 13/84 194/83 185/91 3/92
f 286/94 268/95 269/96 287/93
f 269/96 268/95 250/98 251/97
f 250/98 268/95 270/100 252/99
f 270/100 257/101 239/102 252/99
f 257/101 271/103 253/104 239/102
f 272/105 254/106 253/104 271/103
f 254/106 272/105 255/108 237/107
f 263/109 245/110 237/107 255/108
f 263/109 265/111 247/112 245/110
f 265/111 264/113 246/114 247/112
f 288/115 270/100 268/95 286/94
f 288/115 275/116 257/101 270/100
f 275/116 289/117 271/103 257/101
f 289/117 290/118 272/105 271/103
f 290/118 273/119 255/108 272/105
f 273/119 281/120 263/109 255/108
f 281/120 283/121 265/111 263/109
f 264/113 265/111 283/121 282/122
f 103/123 102/124 282/122 283/121
f 281/120 101/125 103/123 283/121
f 273/119 93/126 101/125 281/120
f 110/127 93/126 273/119 290/118
f 109/128 110/127 290/118 289/117
f 275/116 95/129 109/128 289/117
f 288/115 108/130 95/129 275/116
f 106/131 108/130 288/115 286/94
f 287/93 107/132 106/131 286/94
f 276/133 96/134 107/132 287/93
f 277/135 97/136 96/134 276/133
f 278/137 98/138 97/136 277/135
f 279/139 99/140 98/141 278/137
f 285/142 105/143 99/140 279/139
f 261/144 267/145 285/142 279/139
f 262/146 280/147 285/142 267/145
f 280/147 262/146 1/3
f 280/147 1/3 100/148
f 285/142 280/147 100/148 105/143
f 262/146 244/149 1/3
f 244/149 173/58 1/3
f 262/146 267/145 249/150 244/149
f 243/151 249/150 267/145 261/144
f 260/152 242/153 243/151 261/144
f 259/154 241/155 242/153 260/152
f 258/156 240/157 241/155 259/154
f 269/96 251/97 240/157 258/156
f 279/139 278/137 260/152 261/144
f 278/137 277/135 259/154 260/152
f 277/135 276/133 258/156 259/154
f 287/93 269/96 258/156 276/133
f 249/150 178/53 173/58 244/149
f 243/151 172/51 178/53 249/150
f 242/153 171/49 172/51 243/151
f 241/155 170/47 171/49 242/153
f 240/157 169/45 170/47 241/155
f 240/157 251/97 180/43 169/45
f 251/97 250/98 179/42 180/43
f 250/98 252/99 181/41 179/42
f 181/41 252/99 239/102 168/40
f 253/104 182/39 168/40 239/102
f 253/104 254/106 183/38 182/39
f 254/106 237/107 166/37 183/38
f 245/110 174/36 166/37 237/107
f 245/110 247/112 176/34 174/36
f 246/114 175/35 176/34 247/112
f 248/158 177/87 175/35 246/114
f 264/113 266/159 248/158 246/114
f 266/159 264/113 282/122 284/160
f 102/124 104/161 284/160 282/122
f 94/162 274/163 284/160 104/161
f 256/164 266/159 284/160 274/163
f 238/165 248/158 266/159 256/164
f 177/87 248/158 238/165 167/88
f 165/167 3/166 3/166 3/166
f 220/89 167/88 165/168 202/90
f 3/92 185/91 202/90 165/168
f 274/163 94/162 165/169 256/164
f 167/88 238/165 256/164 165/169
f 46/2 9/1 1/3
f 214/6 232/5 233/4 215/7
f 214/6 215/7 197/8 196/9
f 214/6 196/9 198/10 216/11
f 203/12 216/11 198/10 186/13
f 217/14 203/12 186/13 199/15
f 200/17 218/16 217/14 199/15
f 218/16 200/17 184/18 201/19
f 191/21 209/20 201/19 184/18
f 211/22 209/20 191/21 193/23
f 210/24 211/22 193/23 192/25
f 216/11 234/26 232/5 214/6
f 221/27 234/26 216/11 203/12
f 235/28 221/27 203/12 217/14
f 236/29 235/28 217/14 218/16
f 219/30 236/29 218/16 201/19
f 227/31 219/30 201/19 209/20
f 229/32 227/31 209/20 211/22
f 211/22 210/24 228/33 229/32
f 175/35 176/34 229/32 228/33
f 174/36 227/31 229/32 176/34
f 166/37 219/30 227/31 174/36
f 166/37 183/38 236/29 219/30
f 183/38 182/39 235/28 236/29
f 168/40 221/27 235/28 182/39
f 181/41 234/26 221/27 168/40
f 181/41 179/42 232/5 234/26
f 180/43 233/4 232/5 179/42
f 169/45 222/44 233/4 180/43
f 170/47 223/46 222/44 169/45
f 171/49 224/48 223/46 170/47
f 172/51 225/50 224/48 171/49
f 178/53 231/52 225/50 172/51
f 213/55 207/54 225/50 231/52
f 226/57 208/56 213/55 231/52
f 226/57 1/3 208/56
f 226/57 173/58 1/3
f 226/57 231/52 178/53 173/58
f 208/56 1/3 20/59
f 20/59 1/3 9/1
f 213/55 208/56 20/59 195/60
f 195/60 190/61 207/54 213/55
f 189/63 206/62 207/54 190/61
f 188/65 205/64 206/62 189/63
f 187/67 204/66 205/64 188/65
f 197/8 215/7 204/66 187/67
f 224/48 225/50 207/54 206/62
f 223/46 224/48 206/62 205/64
f 222/44 223/46 205/64 204/66
f 215/7 233/4 222/44 204/66
f 14/68 195/60 20/59 9/1
f 8/69 190/61 195/60 14/68
f 7/70 189/63 190/61 8/69
f 6/71 188/65 189/63 7/70
f 5/72 187/67 188/65 6/71
f 197/8 187/67 5/72 16/73
f 196/9 197/8 16/73 15/74
f 198/10 196/9 15/74 17/75
f 198/10 17/75 4/76 186/13
f 18/77 199/15 186/13 4/76
f 200/17 199/15 18/77 19/78
f 184/18 200/17 19/78 2/79
f 10/80 191/21 184/18 2/79
f 193/23 191/21 10/80 12/81
f 11/82 192/25 193/23 12/81
f 13/84 194/83 192/25 11/82
f 212/85 210/24 192/25 194/83
f 210/24 212/85 230/86 228/33
f 177/87 175/35 228/33 230/86
f 220/89 167/88 177/87 230/86
f 212/85 202/90 220/89 230/86
f 194/83 185/91 202/90 212/85
f 194/83 13/84 3/92 185/91
f 268/95 286/94 287/93 269/96
f 268/95 269/96 251/97 250/98
f 268/95 250/98 252/99 270/100
f 257/101 270/100 252/99 239/102
f 271/103 257/101 239/102 253/104
f 254/106 272/105 271/103 253/104
f 272/105 254/106 237/107 255/108
f 245/110 263/109 255/108 237/107
f 265/111 263/109 245/110 247/112
f 264/113 265/111 247/112 246/114
f 270/100 288/115 286/94 268/95
f 275/116 288/115 270/100 257/101
f 289/117 275/116 257/101 271/103
f 290/118 289/117 271/103 272/105
f 273/119 290/118 272/105 255/108
f 281/120 273/119 255/108 263/109
f 283/121 281/120 263/109 265/111
f 265/111 264/113 282/122 283/121
f 102/124 103/123 283/121 282/122
f 101/125 281/120 283/121 103/123
f 93/126 273/119 281/120 101/125
f 93/126 110/127 290/118 273/119
f 110/127 109/128 289/117 290/118
f 95/129 275/116 289/117 109/128
f 108/130 288/115 275/116 95/129
f 108/130 106/131 286/94 288/115
f 107/132 287/93 286/94 106/131
f 96/134 276/133 287/93 107/132
f 97/136 277/135 276/133 96/134
f 98/138 278/137 277/135 97/136
f 99/140 279/139 278/137 98/141
f 105/143 285/142 279/139 99/140
f 267/145 261/144 279/139 285/142
f 280/147 262/146 267/145 285/142
f 280/147 1/3 262/146
f 280/147 100/148 1/3
f 280/147 285/142 105/143 100/148
f 262/146 1/3 244/149
f 244/149 1/3 173/58
f 267/145 262/146 244/149 249/150
f 249/150 243/151 261/144 267/145
f 242/153 260/152 261/144 243/151
f 241/155 259/154 260/152 242/153
f 240/157 258/156 259/154 241/155
f 251/97 269/96 258/156 240/157
f 278/137 279/139 261/144 260/152
f 277/135 278/137 260/152 259/154
f 276/133 277/135 259/154 258/156
f 269/96 287/93 276/133 258/156
f 178/53 249/150 244/149 173/58
f 172/51 243/151 249/150 178/53
f 171/49 242/153 243/151 172/51
f 170/47 241/155 242/153 171/49
f 169/45 240/157 241/155 170/47
f 251/97 240/157 169/45 180/43
f 250/98 251/97 180/43 179/42
f 252/99 250/98 179/42 181/41
f 252/99 181/41 168/40 239/102
f 182/39 253/104 239/102 168/40
f 254/106 253/104 182/39 183/38
f 237/107 254/106 183/38 166/37
f 174/36 245/110 237/107 166/37
f 247/112 245/110 174/36 176/34
f 175/35 246/114 247/112 176/34
f 177/87 248/158 246/114 175/35
f 266/159 264/113 246/114 248/158
f 264/113 266/159 284/160 282/122
f 104/161 102/124 282/122 284/160
f 274/163 94/162 104/161 284/160
f 266/159 256/164 274/163 284/160
f 248/158 238/165 256/164 266/159
f 248/158 177/87 167/88 238/165
f 167/88 220/89 202/90 165/168
f 185/91 3/92 165/168 202/90
f 94/162 274/163 256/164 165/169
f 238/165 167/88 165/169 256/164
# 598 elements

